Total Sequences	3249
Alignment Model	Unspecified
Alignment Reference Sequence	(none)
All gap sequences	1
Average number of comparable positions	112
Average sequence length (model position only)	113

Sequence Id	Start position	End position
1	328	454
2	354	454
3	348	454
4	331	454
5	328	454
6	348	454
7	348	454
8	349	454
9	342	454
10	354	454
11	348	454
12	346	454
13	328	454
14	347	454
15	350	454
16	328	454
17	346	454
18	348	454
19	329	454
20	328	454
21	344	454
22	348	454
23	348	454
24	328	454
25	329	454
26	330	454
27	347	454
28	329	454
29	348	454
30	348	454
31	349	454
32	348	454
33	348	454
34	354	454
35	331	454
36	354	454
37	349	454
38	348	454
39	328	454
40	348	454
41	348	454
42	330	454
43	348	454
44	348	454
45	328	454
46	331	454
47	348	454
48	350	454
49	353	454
50	328	454
51	329	454
52	330	454
53	348	454
54	345	454
55	328	454
56	347	454
57	347	454
58	330	454
59	328	454
60	353	454
61	354	454
62	348	454
63	354	454
64	348	454
65	328	454
66	348	454
67	331	454
68	328	454
69	348	454
70	328	454
71	348	454
72	328	454
73	353	454
74	348	454
75	348	454
76	348	454
77	348	454
78	348	454
79	354	454
80	330	454
81	348	454
82	348	454
83	329	454
84	348	454
85	348	454
86	349	454
87	348	454
88	349	454
89	354	454
90	348	454
91	328	454
92	328	454
93	349	454
94	342	454
95	353	454
96	331	454
97	347	454
98	328	454
99	348	454
100	348	454
101	331	454
102	348	454
103	328	454
104	348	454
105	328	454
106	348	454
107	348	454
108	329	454
109	331	454
110	328	454
111	348	454
112	329	454
113	348	454
114	348	454
115	328	454
116	348	454
117	347	454
118	347	454
119	348	454
120	348	454
121	329	454
122	347	454
123	352	454
124	328	454
125	329	454
126	348	454
127	352	454
128	348	454
129	348	454
130	330	454
131	328	454
132	328	454
133	348	454
134	328	454
135	348	454
136	328	454
137	348	454
138	347	454
139	348	454
140	348	454
141	348	454
142	347	454
143	342	454
144	328	454
145	347	454
146	348	454
147	353	454
148	348	454
149	329	454
150	348	454
151	353	454
152	329	454
153	353	454
154	348	454
155	348	454
156	329	454
157	348	454
158	331	454
159	348	454
160	328	454
161	348	454
162	328	454
163	331	454
164	348	454
165	347	454
166	349	454
167	348	454
168	328	454
169	348	454
170	348	454
171	354	454
172	346	454
173	348	454
174	329	454
175	354	454
176	330	454
177	348	454
178	329	454
179	348	454
180	347	454
181	344	454
182	348	454
183	348	454
184	353	454
185	352	454
186	328	454
187	328	454
188	353	454
189	347	454
190	329	454
191	348	454
192	347	454
193	348	454
194	330	454
195	348	454
196	348	454
197	348	454
198	349	454
199	328	454
200	327	454
201	349	454
202	348	454
203	347	454
204	328	454
205	349	454
206	331	454
207	354	454
208	348	454
209	78	1370
210	349	454
211	329	454
212	329	454
213	348	454
214	329	454
215	348	454
216	354	454
217	353	454
218	328	454
219	346	454
220	327	454
221	330	454
222	352	454
223	348	454
224	347	454
225	345	454
226	331	454
227	347	454
228	346	454
229	348	454
230	349	454
231	346	454
232	349	454
233	353	454
234	328	454
235	349	454
236	331	454
237	348	454
238	353	454
239	348	454
240	328	454
241	328	454
242	329	454
243	348	454
244	348	454
245	348	454
246	346	454
247	348	454
248	348	454
249	327	454
250	330	454
251	347	454
252	78	1370
253	353	454
254	348	454
255	328	454
256	348	454
257	328	454
258	328	454
259	331	454
260	353	454
261	348	454
262	331	454
263	329	454
264	348	454
265	342	454
266	327	454
267	328	454
268	348	454
269	347	454
270	329	454
271	331	454
272	328	454
273	348	454
274	348	454
275	327	454
276	330	454
277	349	454
278	348	454
279	348	454
280	348	454
281	348	454
282	347	454
283	348	454
284	331	454
285	348	454
286	353	454
287	348	454
288	331	454
289	328	454
290	347	454
291	347	454
292	348	454
293	348	454
294	347	454
295	349	454
296	348	454
297	347	454
298	353	454
299	328	454
300	348	454
301	327	454
302	328	454
303	348	454
304	329	454
305	331	454
306	346	454
307	349	454
308	329	454
309	348	454
310	328	454
311	348	454
312	328	454
313	348	454
314	348	454
315	342	454
316	348	454
317	329	454
318	330	454
319	329	454
320	348	454
321	347	454
322	348	454
323	330	454
324	348	454
325	329	454
326	353	454
327	328	454
328	330	454
329	348	454
330	328	454
331	347	454
332	328	454
333	330	454
334	346	454
335	348	454
336	328	454
337	348	454
338	329	454
339	329	454
340	353	454
341	346	454
342	354	454
343	348	454
344	347	454
345	331	454
346	331	454
347	348	454
348	348	454
349	329	454
350	328	454
351	332	454
352	348	454
353	346	454
354	348	454
355	349	454
356	348	454
357	328	454
358	354	454
359	348	454
360	328	454
361	353	454
362	348	454
363	348	454
364	330	454
365	329	454
366	348	454
367	348	454
368	347	454
369	348	454
370	348	454
371	1343	1370
372	347	454
373	329	454
374	348	454
375	348	454
376	329	454
377	329	454
378	328	454
379	345	454
380	354	454
381	348	454
382	78	1370
383	328	454
384	352	454
385	348	454
386	347	454
387	348	454
388	347	454
389	354	454
390	348	454
391	348	454
392	348	454
393	348	454
394	347	454
395	348	454
396	349	454
397	330	454
398	345	454
399	353	454
400	328	454
401	348	454
402	328	454
403	347	454
404	347	454
405	345	454
406	330	454
407	348	454
408	331	454
409	330	454
410	348	454
411	331	454
412	348	454
413	348	454
414	354	454
415	348	454
416	331	454
417	348	454
418	348	454
419	345	454
420	347	454
421	329	454
422	354	454
423	348	454
424	353	454
425	354	454
426	353	454
427	347	454
428	348	454
429	348	454
430	335	454
431	330	454
432	346	454
433	329	454
434	348	454
435	354	454
436	348	454
437	330	454
438	348	454
439	330	454
440	354	454
441	335	454
442	349	454
443	342	454
444	347	454
445	348	454
446	347	454
447	348	454
448	328	454
449	331	454
450	335	454
451	348	454
452	330	454
453	328	454
454	348	454
455	331	454
456	348	454
457	348	454
458	347	454
459	328	454
460	353	454
461	353	454
462	348	454
463	349	454
464	328	454
465	347	454
466	348	454
467	353	454
468	354	454
469	329	454
470	347	454
471	353	454
472	348	454
473	348	454
474	331	454
475	347	454
476	353	454
477	348	454
478	352	454
479	348	454
480	354	454
481	348	454
482	348	454
483	348	454
484	354	454
485	348	454
486	328	454
487	348	454
488	328	454
489	330	454
490	348	454
491	328	454
492	348	454
493	328	454
494	354	454
495	328	454
496	330	454
497	331	454
498	329	454
499	347	454
500	329	454
501	348	454
502	329	454
503	346	454
504	335	454
505	337	454
506	328	454
507	330	454
508	347	454
509	346	454
510	327	454
511	353	454
512	328	454
513	327	454
514	349	454
515	328	454
516	347	454
517	329	454
518	348	454
519	348	454
520	328	454
521	347	454
522	329	454
523	331	454
524	353	454
525	346	454
526	348	454
527	354	454
528	348	454
529	348	454
530	328	454
531	348	454
532	348	454
533	348	454
534	353	454
535	354	454
536	328	454
537	348	454
538	347	454
539	348	454
540	348	454
541	347	454
542	328	454
543	328	454
544	348	454
545	352	454
546	349	454
547	354	454
548	329	454
549	348	454
550	348	454
551	354	454
552	328	454
553	348	454
554	347	454
555	328	454
556	331	454
557	353	454
558	348	454
559	353	454
560	348	454
561	335	454
562	348	454
563	349	454
564	353	454
565	347	454
566	349	454
567	347	454
568	348	454
569	344	454
570	328	454
571	348	454
572	330	454
573	328	454
574	347	454
575	330	454
576	348	454
577	348	454
578	348	454
579	328	454
580	347	454
581	354	454
582	348	454
583	354	454
584	331	454
585	348	454
586	348	454
587	348	454
588	331	454
589	347	454
590	354	454
591	335	454
592	329	454
593	348	454
594	331	454
595	330	454
596	349	454
597	335	454
598	349	454
599	348	454
600	328	454
601	348	454
602	354	454
603	348	454
604	332	454
605	353	454
606	347	454
607	354	454
608	348	454
609	348	454
610	348	454
611	348	454
612	354	454
613	327	454
614	328	454
615	347	454
616	327	454
617	347	454
618	331	454
619	348	454
620	333	454
621	347	454
622	331	454
623	330	454
624	329	454
625	348	454
626	353	454
627	348	454
628	328	454
629	353	454
630	348	454
631	330	454
632	346	454
633	348	454
634	349	454
635	354	454
636	331	454
637	329	454
638	329	454
639	349	454
640	329	454
641	328	454
642	327	454
643	331	454
644	347	454
645	348	454
646	352	454
647	354	454
648	348	454
649	347	454
650	348	454
651	348	454
652	329	454
653	348	454
654	348	454
655	348	454
656	348	454
657	348	454
658	328	454
659	330	454
660	349	454
661	348	454
662	348	454
663	347	454
664	349	454
665	347	454
666	329	454
667	347	454
668	347	454
669	348	454
670	353	454
671	332	454
672	348	454
673	329	454
674	346	454
675	348	454
676	348	454
677	335	454
678	348	454
679	326	454
680	354	454
681	330	454
682	331	454
683	354	454
684	347	454
685	331	454
686	1316	1370
687	348	454
688	329	454
689	328	454
690	329	454
691	327	454
692	353	454
693	348	454
694	353	454
695	328	454
696	354	454
697	348	454
698	335	454
699	331	454
700	353	454
701	329	454
702	329	454
703	347	454
704	348	454
705	348	454
706	348	454
707	348	454
708	347	454
709	347	454
710	330	454
711	348	454
712	348	454
713	329	454
714	330	454
715	331	454
716	348	454
717	328	454
718	353	454
719	337	454
720	353	454
721	348	454
722	348	454
723	328	454
724	328	454
725	348	454
726	329	454
727	353	454
728	329	454
729	331	454
730	331	454
731	348	454
732	348	454
733	354	454
734	348	454
735	353	454
736	348	454
737	329	454
738	348	454
739	349	454
740	331	454
741	328	454
742	328	454
743	353	454
744	330	454
745	348	454
746	328	454
747	354	454
748	352	454
749	346	454
750	346	454
751	1343	1370
752	329	454
753	348	454
754	331	454
755	354	454
756	328	454
757	330	454
758	348	454
759	331	454
760	348	454
761	348	454
762	348	454
763	348	454
764	328	454
765	349	454
766	349	454
767	329	454
768	348	454
769	348	454
770	328	454
771	331	454
772	354	454
773	331	454
774	328	454
775	331	454
776	331	454
777	330	454
778	348	454
779	328	454
780	331	454
781	348	454
782	347	454
783	349	454
784	353	454
785	330	454
786	331	454
787	349	454
788	354	454
789	353	454
790	353	454
791	354	454
792	347	454
793	331	454
794	345	454
795	354	454
796	353	454
797	354	454
798	346	454
799	353	454
800	345	454
801	330	454
802	347	454
803	329	454
804	348	454
805	354	454
806	331	454
807	329	454
808	328	454
809	329	454
810	351	454
811	353	454
812	354	454
813	328	454
814	331	454
815	348	454
816	348	454
817	328	454
818	348	454
819	347	454
820	354	454
821	330	454
822	335	454
823	328	454
824	354	454
825	335	454
826	348	454
827	329	454
828	331	454
829	331	454
830	329	454
831	329	454
832	328	454
833	328	454
834	348	454
835	328	454
836	348	454
837	348	454
838	328	454
839	349	454
840	348	454
841	350	454
842	353	454
843	348	454
844	343	454
845	348	454
846	348	454
847	348	454
848	347	454
849	354	454
850	328	454
851	353	454
852	330	454
853	347	454
854	348	454
855	348	454
856	331	454
857	348	454
858	348	454
859	331	454
860	329	454
861	348	454
862	348	454
863	329	454
864	348	454
865	328	454
866	348	454
867	353	454
868	348	454
869	331	454
870	350	454
871	337	454
872	348	454
873	348	454
874	347	454
875	348	454
876	348	454
877	348	454
878	328	454
879	348	454
880	353	454
881	348	454
882	348	454
883	348	454
884	353	454
885	329	454
886	329	454
887	348	454
888	329	454
889	348	454
890	353	454
891	348	454
892	348	454
893	331	454
894	347	454
895	348	454
896	328	454
897	330	454
898	348	454
899	348	454
900	348	454
901	351	454
902	348	454
903	349	454
904	331	454
905	348	454
906	353	454
907	354	454
908	354	454
909	330	454
910	348	454
911	348	454
912	348	454
913	353	454
914	329	454
915	347	454
916	348	454
917	328	454
918	353	454
919	348	454
920	330	454
921	352	454
922	327	454
923	348	454
924	348	454
925	328	454
926	354	454
927	328	454
928	331	454
929	348	454
930	329	454
931	328	454
932	354	454
933	354	454
934	331	454
935	331	454
936	330	454
937	328	454
938	328	454
939	328	454
940	347	454
941	348	454
942	328	454
943	349	454
944	354	454
945	328	454
946	354	454
947	348	454
948	341	454
949	327	454
950	354	454
951	348	454
952	347	454
953	354	454
954	347	454
955	329	454
956	353	454
957	347	454
958	348	454
959	331	454
960	330	454
961	342	454
962	328	454
963	329	454
964	348	454
965	328	454
966	354	454
967	354	454
968	348	454
969	353	454
970	348	454
971	348	454
972	349	454
973	353	454
974	353	454
975	328	454
976	329	454
977	348	454
978	348	454
979	330	454
980	331	454
981	353	454
982	328	454
983	348	454
984	348	454
985	328	454
986	328	454
987	335	454
988	348	454
989	343	454
990	354	454
991	330	454
992	342	454
993	330	454
994	331	454
995	338	454
996	329	454
997	330	454
998	348	454
999	353	454
1000	354	454
1001	348	454
1002	346	454
1003	335	454
1004	328	454
1005	348	454
1006	354	454
1007	329	454
1008	353	454
1009	348	454
1010	354	454
1011	354	454
1012	348	454
1013	348	454
1014	328	454
1015	353	454
1016	353	454
1017	348	454
1018	354	454
1019	330	454
1020	354	454
1021	348	454
1022	348	454
1023	327	454
1024	329	454
1025	353	454
1026	349	454
1027	354	454
1028	354	454
1029	331	454
1030	328	454
1031	354	454
1032	329	454
1033	328	454
1034	348	454
1035	348	454
1036	353	454
1037	348	454
1038	329	454
1039	328	454
1040	343	454
1041	331	454
1042	330	454
1043	339	454
1044	330	454
1045	348	454
1046	328	454
1047	348	454
1048	348	454
1049	349	454
1050	328	454
1051	330	454
1052	354	454
1053	328	454
1054	330	454
1055	330	454
1056	331	454
1057	348	454
1058	353	454
1059	348	454
1060	353	454
1061	353	454
1062	356	454
1063	328	454
1064	329	454
1065	354	454
1066	349	454
1067	348	454
1068	329	454
1069	348	454
1070	348	454
1071	348	454
1072	348	454
1073	353	454
1074	348	454
1075	346	454
1076	350	454
1077	349	454
1078	347	454
1079	346	454
1080	348	454
1081	354	454
1082	353	454
1083	339	454
1084	348	454
1085	353	454
1086	354	454
1087	328	454
1088	330	454
1089	348	454
1090	354	454
1091	342	454
1092	344	454
1093	347	454
1094	353	454
1095	349	454
1096	329	454
1097	349	454
1098	348	454
1099	329	454
1100	353	454
1101	353	454
1102	348	454
1103	347	454
1104	346	454
1105	328	454
1106	347	454
1107	329	454
1108	354	454
1109	332	454
1110	348	454
1111	353	454
1112	353	454
1113	331	454
1114	354	454
1115	346	454
1116	348	454
1117	329	454
1118	353	454
1119	331	454
1120	329	454
1121	348	454
1122	348	454
1123	328	454
1124	348	454
1125	331	454
1126	329	454
1127	354	454
1128	328	454
1129	348	454
1130	330	454
1131	347	454
1132	354	454
1133	347	454
1134	353	454
1135	353	454
1136	329	454
1137	353	454
1138	353	454
1139	328	454
1140	330	454
1141	347	454
1142	330	454
1143	330	454
1144	348	454
1145	347	454
1146	328	454
1147	349	454
1148	348	454
1149	348	454
1150	345	454
1151	345	454
1152	329	454
1153	353	454
1154	354	454
1155	347	454
1156	347	454
1157	354	454
1158	349	454
1159	354	454
1160	328	454
1161	329	454
1162	348	454
1163	348	454
1164	331	454
1165	348	454
1166	331	454
1167	353	454
1168	348	454
1169	347	454
1170	330	454
1171	333	454
1172	329	454
1173	330	454
1174	354	454
1175	348	454
1176	348	454
1177	348	454
1178	351	454
1179	327	454
1180	354	454
1181	354	454
1182	353	454
1183	348	454
1184	343	454
1185	348	454
1186	354	454
1187	327	454
1188	331	454
1189	328	454
1190	346	454
1191	348	454
1192	330	454
1193	348	454
1194	347	454
1195	347	454
1196	345	454
1197	348	454
1198	353	454
1199	353	454
1200	347	454
1201	349	454
1202	347	454
1203	329	454
1204	348	454
1205	348	454
1206	327	454
1207	346	454
1208	348	454
1209	348	454
1210	1343	1370
1211	331	454
1212	331	454
1213	332	454
1214	348	454
1215	331	454
1216	350	454
1217	347	454
1218	338	454
1219	349	454
1220	353	454
1221	330	454
1222	349	454
1223	328	454
1224	329	454
1225	327	454
1226	330	454
1227	354	454
1228	345	454
1229	348	454
1230	343	454
1231	354	454
1232	348	454
1233	331	454
1234	331	454
1235	348	454
1236	353	454
1237	1342	1370
1238	348	454
1239	353	454
1240	353	454
1241	330	454
1242	347	454
1243	348	454
1244	348	454
1245	331	454
1246	328	454
1247	327	454
1248	353	454
1249	327	454
1250	348	454
1251	347	454
1252	331	454
1253	348	454
1254	348	454
1255	348	454
1256	328	454
1257	348	454
1258	326	454
1259	348	454
1260	348	454
1261	327	454
1262	347	454
1263	331	454
1264	348	454
1265	329	454
1266	348	454
1267	349	454
1268	348	454
1269	348	454
1270	353	454
1271	354	454
1272	348	454
1273	329	454
1274	353	454
1275	348	454
1276	353	454
1277	353	454
1278	353	454
1279	353	454
1280	330	454
1281	353	454
1282	348	454
1283	354	454
1284	328	454
1285	348	454
1286	329	454
1287	347	454
1288	328	454
1289	354	454
1290	330	454
1291	351	454
1292	343	454
1293	328	454
1294	328	454
1295	349	454
1296	349	454
1297	347	454
1298	348	454
1299	328	454
1300	347	454
1301	353	454
1302	346	454
1303	353	454
1304	349	454
1305	348	454
1306	348	454
1307	331	454
1308	348	454
1309	329	454
1310	328	454
1311	330	454
1312	331	454
1313	348	454
1314	347	454
1315	347	454
1316	348	454
1317	328	454
1318	328	454
1319	354	454
1320	354	454
1321	348	454
1322	353	454
1323	328	454
1324	354	454
1325	348	454
1326	348	454
1327	348	454
1328	348	454
1329	347	454
1330	348	454
1331	347	454
1332	348	454
1333	329	454
1334	328	454
1335	353	454
1336	349	454
1337	354	454
1338	326	454
1339	330	454
1340	353	454
1341	329	454
1342	347	454
1343	348	454
1344	350	454
1345	328	454
1346	348	454
1347	329	454
1348	353	454
1349	348	454
1350	348	454
1351	348	454
1352	354	454
1353	330	454
1354	328	454
1355	348	454
1356	354	454
1357	328	454
1358	350	454
1359	328	454
1360	347	454
1361	348	454
1362	328	454
1363	328	454
1364	348	454
1365	348	454
1366	354	454
1367	349	454
1368	348	454
1369	349	454
1370	348	454
1371	328	454
1372	347	454
1373	353	454
1374	349	454
1375	348	454
1376	351	454
1377	328	454
1378	348	454
1379	330	454
1380	345	454
1381	331	454
1382	353	454
1383	329	454
1384	328	454
1385	330	454
1386	328	454
1387	330	454
1388	348	454
1389	348	454
1390	329	454
1391	330	454
1392	329	454
1393	348	454
1394	329	454
1395	329	454
1396	347	454
1397	348	454
1398	348	454
1399	354	454
1400	348	454
1401	354	454
1402	330	454
1403	348	454
1404	330	454
1405	344	454
1406	328	454
1407	348	454
1408	1321	1370
1409	330	454
1410	342	454
1411	353	454
1412	328	454
1413	348	454
1414	329	454
1415	348	454
1416	328	454
1417	344	454
1418	348	454
1419	330	454
1420	328	454
1421	336	454
1422	348	454
1423	328	454
1424	354	454
1425	328	454
1426	353	454
1427	326	454
1428	347	454
1429	330	454
1430	353	454
1431	348	454
1432	349	454
1433	345	454
1434	353	454
1435	328	454
1436	347	454
1437	354	454
1438	330	454
1439	331	454
1440	348	454
1441	328	454
1442	328	454
1443	349	454
1444	348	454
1445	348	454
1446	353	454
1447	331	454
1448	347	454
1449	329	454
1450	332	454
1451	353	454
1452	348	454
1453	328	454
1454	353	454
1455	329	454
1456	348	454
1457	347	454
1458	328	454
1459	348	454
1460	331	454
1461	331	454
1462	348	454
1463	328	454
1464	348	454
1465	348	454
1466	350	454
1467	346	454
1468	353	454
1469	347	454
1470	353	454
1471	329	454
1472	328	454
1473	354	454
1474	348	454
1475	353	454
1476	330	454
1477	353	454
1478	348	454
1479	344	454
1480	348	454
1481	354	454
1482	348	454
1483	354	454
1484	344	454
1485	330	454
1486	354	454
1487	348	454
1488	331	454
1489	348	454
1490	328	454
1491	346	454
1492	349	454
1493	349	454
1494	348	454
1495	354	454
1496	327	454
1497	329	454
1498	353	454
1499	354	454
1500	348	454
1501	337	454
1502	328	454
1503	328	454
1504	347	454
1505	328	454
1506	329	454
1507	327	454
1508	348	454
1509	353	454
1510	348	454
1511	347	454
1512	348	454
1513	346	454
1514	348	454
1515	329	454
1516	327	454
1517	330	454
1518	332	454
1519	335	454
1520	328	454
1521	356	454
1522	348	454
1523	348	454
1524	329	454
1525	353	454
1526	347	454
1527	348	454
1528	327	454
1529	328	454
1530	347	454
1531	348	454
1532	347	454
1533	354	454
1534	347	454
1535	352	454
1536	328	454
1537	335	454
1538	331	454
1539	348	454
1540	331	454
1541	354	454
1542	349	454
1543	348	454
1544	348	454
1545	348	454
1546	347	454
1547	329	454
1548	348	454
1549	331	454
1550	353	454
1551	349	454
1552	329	454
1553	328	454
1554	347	454
1555	353	454
1556	349	454
1557	329	454
1558	347	454
1559	342	454
1560	348	454
1561	354	454
1562	347	454
1563	348	454
1564	345	454
1565	347	454
1566	347	454
1567	349	454
1568	347	454
1569	354	454
1570	347	454
1571	347	454
1572	349	454
1573	347	454
1574	349	454
1575	328	454
1576	353	454
1577	330	454
1578	349	454
1579	354	454
1580	342	454
1581	328	454
1582	348	454
1583	347	454
1584	345	454
1585	329	454
1586	330	454
1587	331	454
1588	329	454
1589	350	454
1590	347	454
1591	354	454
1592	330	454
1593	353	454
1594	343	454
1595	345	454
1596	349	454
1597	348	454
1598	347	454
1599	328	454
1600	352	454
1601	348	454
1602	348	454
1603	348	454
1604	354	454
1605	354	454
1606	347	454
1607	354	454
1608	330	454
1609	354	454
1610	348	454
1611	328	454
1612	353	454
1613	332	454
1614	353	454
1615	347	454
1616	349	454
1617	348	454
1618	354	454
1619	354	454
1620	348	454
1621	328	454
1622	354	454
1623	348	454
1624	346	454
1625	331	454
1626	354	454
1627	348	454
1628	348	454
1629	348	454
1630	353	454
1631	354	454
1632	330	454
1633	347	454
1634	348	454
1635	327	454
1636	342	454
1637	348	454
1638	328	454
1639	347	454
1640	335	454
1641	353	454
1642	354	454
1643	353	454
1644	329	454
1645	348	454
1646	329	454
1647	328	454
1648	328	454
1649	354	454
1650	354	454
1651	353	454
1652	328	454
1653	332	454
1654	327	454
1655	348	454
1656	329	454
1657	328	454
1658	329	454
1659	331	454
1660	329	454
1661	331	454
1662	328	454
1663	329	454
1664	330	454
1665	328	454
1666	348	454
1667	327	454
1668	349	454
1669	349	454
1670	331	454
1671	354	454
1672	344	454
1673	328	454
1674	354	454
1675	348	454
1676	327	454
1677	330	454
1678	348	454
1679	353	454
1680	354	454
1681	348	454
1682	342	454
1683	331	454
1684	328	454
1685	328	454
1686	342	454
1687	353	454
1688	350	454
1689	354	454
1690	354	454
1691	349	454
1692	346	454
1693	327	454
1694	349	454
1695	327	454
1696	349	454
1697	353	454
1698	337	454
1699	349	454
1700	351	454
1701	353	454
1702	331	454
1703	349	454
1704	353	454
1705	348	454
1706	328	454
1707	328	454
1708	331	454
1709	354	454
1710	336	454
1711	354	454
1712	329	454
1713	353	454
1714	330	454
1715	348	454
1716	327	454
1717	350	454
1718	343	454
1719	353	454
1720	347	454
1721	330	454
1722	353	454
1723	331	454
1724	348	454
1725	345	454
1726	348	454
1727	327	454
1728	348	454
1729	347	454
1730	347	454
1731	328	454
1732	346	454
1733	347	454
1734	330	454
1735	348	454
1736	347	454
1737	348	454
1738	332	454
1739	328	454
1740	329	454
1741	329	454
1742	348	454
1743	328	454
1744	348	454
1745	347	454
1746	329	454
1747	348	454
1748	331	454
1749	330	454
1750	347	454
1751	342	454
1752	328	454
1753	348	454
1754	348	454
1755	347	454
1756	353	454
1757	348	454
1758	348	454
1759	346	454
1760	348	454
1761	327	454
1762	353	454
1763	347	454
1764	348	454
1765	348	454
1766	347	454
1767	327	454
1768	328	454
1769	348	454
1770	348	454
1771	353	454
1772	348	454
1773	353	454
1774	328	454
1775	346	454
1776	353	454
1777	348	454
1778	331	454
1779	328	454
1780	331	454
1781	331	454
1782	345	454
1783	347	454
1784	352	454
1785	348	454
1786	353	454
1787	346	454
1788	348	454
1789	328	454
1790	328	454
1791	331	454
1792	354	454
1793	348	454
1794	328	454
1795	331	454
1796	329	454
1797	353	454
1798	328	454
1799	328	454
1800	328	454
1801	348	454
1802	328	454
1803	348	454
1804	328	454
1805	348	454
1806	343	454
1807	328	454
1808	345	454
1809	331	454
1810	353	454
1811	353	454
1812	348	454
1813	348	454
1814	331	454
1815	328	454
1816	328	454
1817	344	454
1818	348	454
1819	353	454
1820	324	454
1821	330	454
1822	353	454
1823	346	454
1824	328	454
1825	354	454
1826	331	454
1827	342	454
1828	348	454
1829	331	454
1830	328	454
1831	353	454
1832	328	454
1833	349	454
1834	328	454
1835	348	454
1836	353	454
1837	347	454
1838	329	454
1839	348	454
1840	349	454
1841	347	454
1842	349	454
1843	331	454
1844	348	454
1845	330	454
1846	348	454
1847	348	454
1848	348	454
1849	328	454
1850	348	454
1851	348	454
1852	330	454
1853	349	454
1854	354	454
1855	354	454
1856	328	454
1857	330	454
1858	349	454
1859	331	454
1860	331	454
1861	353	454
1862	350	454
1863	327	454
1864	348	454
1865	328	454
1866	354	454
1867	348	454
1868	354	454
1869	351	454
1870	328	454
1871	328	454
1872	328	454
1873	348	454
1874	347	454
1875	327	454
1876	347	454
1877	348	454
1878	354	454
1879	332	454
1880	328	454
1881	348	454
1882	328	454
1883	330	454
1884	329	454
1885	353	454
1886	347	454
1887	329	454
1888	328	454
1889	344	454
1890	330	454
1891	347	454
1892	344	454
1893	348	454
1894	346	454
1895	348	454
1896	325	454
1897	346	454
1898	348	454
1899	348	454
1900	329	454
1901	347	454
1902	348	454
1903	353	454
1904	327	454
1905	347	454
1906	328	454
1907	348	454
1908	349	454
1909	354	454
1910	328	454
1911	348	454
1912	330	454
1913	328	454
1914	349	454
1915	329	454
1916	347	454
1917	348	454
1918	348	454
1919	353	454
1920	353	454
1921	353	454
1922	330	454
1923	349	454
1924	349	454
1925	348	454
1926	348	454
1927	328	454
1928	330	454
1929	329	454
1930	330	454
1931	349	454
1932	353	454
1933	348	454
1934	328	454
1935	353	454
1936	328	454
1937	329	454
1938	329	454
1939	348	454
1940	328	454
1941	347	454
1942	351	454
1943	348	454
1944	347	454
1945	350	454
1946	331	454
1947	347	454
1948	354	454
1949	348	454
1950	342	454
1951	346	454
1952	328	454
1953	354	454
1954	327	454
1955	354	454
1956	353	454
1957	347	454
1958	348	454
1959	348	454
1960	353	454
1961	330	454
1962	328	454
1963	348	454
1964	331	454
1965	328	454
1966	347	454
1967	330	454
1968	347	454
1969	347	454
1970	348	454
1971	353	454
1972	354	454
1973	353	454
1974	346	454
1975	350	454
1976	328	454
1977	348	454
1978	346	454
1979	354	454
1980	328	454
1981	348	454
1982	328	454
1983	349	454
1984	348	454
1985	347	454
1986	329	454
1987	328	454
1988	347	454
1989	348	454
1990	348	454
1991	354	454
1992	354	454
1993	348	454
1994	348	454
1995	331	454
1996	348	454
1997	354	454
1998	328	454
1999	354	454
2000	352	454
2001	353	454
2002	348	454
2003	353	454
2004	1323	1370
2005	347	454
2006	353	454
2007	330	454
2008	331	454
2009	348	454
2010	348	454
2011	353	454
2012	328	454
2013	344	454
2014	354	454
2015	333	454
2016	347	454
2017	347	454
2018	350	454
2019	347	454
2020	349	454
2021	328	454
2022	348	454
2023	329	454
2024	348	454
2025	328	454
2026	354	454
2027	328	454
2028	354	454
2029	329	454
2030	329	454
2031	329	454
2032	328	454
2033	353	454
2034	353	454
2035	329	454
2036	349	454
2037	348	454
2038	347	454
2039	327	454
2040	353	454
2041	354	454
2042	342	454
2043	349	454
2044	329	454
2045	348	454
2046	329	454
2047	353	454
2048	330	454
2049	330	454
2050	348	454
2051	347	454
2052	348	454
2053	348	454
2054	348	454
2055	348	454
2056	348	454
2057	355	454
2058	327	454
2059	327	454
2060	354	454
2061	353	454
2062	328	454
2063	348	454
2064	330	454
2065	328	454
2066	348	454
2067	348	454
2068	348	454
2069	353	454
2070	331	454
2071	348	454
2072	353	454
2073	349	454
2074	348	454
2075	328	454
2076	347	454
2077	354	454
2078	330	454
2079	328	454
2080	346	454
2081	349	454
2082	328	454
2083	345	454
2084	353	454
2085	353	454
2086	354	454
2087	354	454
2088	326	454
2089	353	454
2090	349	454
2091	347	454
2092	328	454
2093	347	454
2094	354	454
2095	328	454
2096	331	454
2097	348	454
2098	347	454
2099	343	454
2100	331	454
2101	347	454
2102	348	454
2103	353	454
2104	328	454
2105	344	454
2106	354	454
2107	326	454
2108	331	454
2109	348	454
2110	329	454
2111	349	454
2112	354	454
2113	348	454
2114	353	454
2115	348	454
2116	347	454
2117	353	454
2118	331	454
2119	348	454
2120	330	454
2121	330	454
2122	353	454
2123	331	454
2124	347	454
2125	348	454
2126	346	454
2127	353	454
2128	330	454
2129	331	454
2130	348	454
2131	353	454
2132	347	454
2133	348	454
2134	348	454
2135	348	454
2136	347	454
2137	349	454
2138	348	454
2139	331	454
2140	331	454
2141	350	454
2142	334	454
2143	348	454
2144	346	454
2145	351	454
2146	348	454
2147	353	454
2148	348	454
2149	328	454
2150	113	1370
2151	348	454
2152	348	454
2153	331	454
2154	349	454
2155	348	454
2156	346	454
2157	355	454
2158	331	454
2159	346	454
2160	347	454
2161	329	454
2162	350	454
2163	333	454
2164	329	454
2165	343	454
2166	329	454
2167	347	454
2168	331	454
2169	348	454
2170	331	454
2171	328	454
2172	348	454
2173	354	454
2174	347	454
2175	329	454
2176	348	454
2177	343	454
2178	331	454
2179	348	454
2180	348	454
2181	348	454
2182	347	454
2183	324	454
2184	342	454
2185	348	454
2186	350	454
2187	328	454
2188	331	454
2189	348	454
2190	354	454
2191	328	454
2192	326	454
2193	347	454
2194	348	454
2195	328	454
2196	349	454
2197	328	454
2198	353	454
2199	350	454
2200	348	454
2201	342	454
2202	328	454
2203	355	454
2204	348	454
2205	346	454
2206	348	454
2207	329	454
2208	348	454
2209	353	454
2210	346	454
2211	327	454
2212	328	454
2213	348	454
2214	355	454
2215	329	454
2216	348	454
2217	354	454
2218	331	454
2219	348	454
2220	343	454
2221	348	454
2222	348	454
2223	350	454
2224	329	454
2225	331	454
2226	347	454
2227	1332	1371
2228	353	454
2229	331	454
2230	327	454
2231	350	454
2232	329	454
2233	349	454
2234	347	454
2235	345	454
2236	353	454
2237	349	454
2238	345	454
2239	331	454
2240	350	454
2241	330	454
2242	331	454
2243	354	454
2244	347	454
2245	347	454
2246	348	454
2247	357	454
2248	348	454
2249	327	454
2250	351	454
2251	349	454
2252	347	454
2253	347	454
2254	354	454
2255	331	454
2256	348	454
2257	328	454
2258	348	454
2259	347	454
2260	329	454
2261	331	454
2262	348	454
2263	351	454
2264	349	454
2265	349	454
2266	348	454
2267	348	454
2268	353	454
2269	347	454
2270	348	454
2271	354	454
2272	356	454
2273	347	454
2274	354	454
2275	348	454
2276	353	454
2277	348	454
2278	354	454
2279	330	454
2280	327	454
2281	348	454
2282	350	454
2283	329	454
2284	348	454
2285	329	454
2286	349	454
2287	348	454
2288	346	454
2289	348	454
2290	327	454
2291	352	454
2292	328	454
2293	347	454
2294	354	454
2295	333	454
2296	327	454
2297	345	454
2298	347	454
2299	350	454
2300	328	454
2301	346	454
2302	342	454
2303	353	454
2304	348	454
2305	342	454
2306	353	454
2307	328	454
2308	351	454
2309	327	454
2310	328	454
2311	328	454
2312	348	454
2313	347	454
2314	354	454
2315	348	454
2316	348	454
2317	348	454
2318	349	454
2319	354	454
2320	350	454
2321	328	454
2322	330	454
2323	346	454
2324	328	454
2325	1341	1370
2326	346	454
2327	348	454
2328	345	454
2329	348	454
2330	330	454
2331	343	454
2332	328	454
2333	331	454
2334	328	454
2335	349	454
2336	327	454
2337	328	454
2338	333	454
2339	348	454
2340	354	454
2341	348	454
2342	331	454
2343	356	454
2344	348	454
2345	353	454
2346	348	454
2347	349	454
2348	348	454
2349	348	454
2350	331	454
2351	348	454
2352	350	454
2353	348	454
2354	348	454
2355	328	454
2356	331	454
2357	345	454
2358	329	454
2359	328	454
2360	328	454
2361	330	454
2362	348	454
2363	348	454
2364	327	454
2365	353	454
2366	329	454
2367	331	454
2368	348	454
2369	353	454
2370	353	454
2371	354	454
2372	329	454
2373	330	454
2374	328	454
2375	327	454
2376	349	454
2377	348	454
2378	348	454
2379	329	454
2380	349	454
2381	349	454
2382	348	454
2383	348	454
2384	353	454
2385	326	454
2386	348	454
2387	347	454
2388	348	454
2389	328	454
2390	346	454
2391	329	454
2392	348	454
2393	327	454
2394	328	454
2395	347	454
2396	328	454
2397	328	454
2398	327	454
2399	347	454
2400	348	454
2401	354	454
2402	331	454
2403	325	454
2404	353	454
2405	348	454
2406	328	454
2407	349	454
2408	330	454
2409	354	454
2410	348	454
2411	348	454
2412	331	454
2413	328	454
2414	348	454
2415	328	454
2416	354	454
2417	348	454
2418	328	454
2419	329	454
2420	347	454
2421	353	454
2422	328	454
2423	330	454
2424	348	454
2425	331	454
2426	348	454
2427	347	454
2428	328	454
2429	348	454
2430	331	454
2431	329	454
2432	348	454
2433	343	454
2434	327	454
2435	347	454
2436	348	454
2437	346	454
2438	354	454
2439	348	454
2440	329	454
2441	328	454
2442	346	454
2443	346	454
2444	331	454
2445	349	454
2446	353	454
2447	329	454
2448	354	454
2449	338	454
2450	346	454
2451	354	454
2452	329	454
2453	353	454
2454	354	454
2455	343	454
2456	330	454
2457	348	454
2458	348	454
2459	353	454
2460	349	454
2461	328	454
2462	349	454
2463	345	454
2464	331	454
2465	348	454
2466	327	454
2467	347	454
2468	346	454
2469	348	454
2470	347	454
2471	348	454
2472	345	454
2473	352	454
2474	349	454
2475	348	454
2476	329	454
2477	328	454
2478	327	454
2479	348	454
2480	328	454
2481	345	454
2482	350	454
2483	347	454
2484	325	454
2485	328	454
2486	348	454
2487	328	454
2488	331	454
2489	348	454
2490	328	454
2491	331	454
2492	348	454
2493	349	454
2494	331	454
2495	331	454
2496	342	454
2497	348	454
2498	349	454
2499	348	454
2500	331	454
2501	353	454
2502	354	454
2503	328	454
2504	348	454
2505	347	454
2506	348	454
2507	348	454
2508	348	454
2509	330	454
2510	331	454
2511	328	454
2512	348	454
2513	354	454
2514	329	454
2515	331	454
2516	348	454
2517	329	454
2518	330	454
2519	353	454
2520	329	454
2521	342	454
2522	354	454
2523	346	454
2524	354	454
2525	351	454
2526	328	454
2527	353	454
2528	329	454
2529	349	454
2530	327	454
2531	328	454
2532	348	454
2533	348	454
2534	348	454
2535	348	454
2536	348	454
2537	349	454
2538	354	454
2539	348	454
2540	349	454
2541	327	454
2542	353	454
2543	328	454
2544	331	454
2545	327	454
2546	348	454
2547	327	454
2548	348	454
2549	331	454
2550	346	454
2551	349	454
2552	330	454
2553	350	454
2554	329	454
2555	342	454
2556	328	454
2557	354	454
2558	347	454
2559	328	454
2560	347	454
2561	331	454
2562	330	454
2563	353	454
2564	328	454
2565	348	454
2566	328	454
2567	346	454
2568	350	454
2569	328	454
2570	348	454
2571	348	454
2572	349	454
2573	347	454
2574	348	454
2575	348	454
2576	347	454
2577	347	454
2578	353	454
2579	327	454
2580	353	454
2581	348	454
2582	348	454
2583	353	454
2584	328	454
2585	328	454
2586	348	454
2587	354	454
2588	342	454
2589	332	454
2590	354	454
2591	350	454
2592	328	454
2593	348	454
2594	348	454
2595	346	454
2596	348	454
2597	348	454
2598	348	454
2599	327	454
2600	353	454
2601	330	454
2602	328	454
2603	354	454
2604	348	454
2605	347	454
2606	348	454
2607	330	454
2608	347	454
2609	347	454
2610	349	454
2611	328	454
2612	349	454
2613	341	454
2614	328	454
2615	329	454
2616	327	454
2617	326	454
2618	327	454
2619	328	454
2620	348	454
2621	330	454
2622	329	454
2623	348	454
2624	346	454
2625	335	454
2626	329	454
2627	349	454
2628	338	454
2629	347	454
2630	330	454
2631	328	454
2632	348	454
2633	346	454
2634	348	454
2635	1346	1361
2636	331	454
2637	329	454
2638	347	454
2639	328	454
2640	328	454
2641	328	454
2642	328	454
2643	348	454
2644	354	454
2645	350	454
2646	328	454
2647	348	454
2648	348	454
2649	346	454
2650	353	454
2651	353	454
2652	347	454
2653	354	454
2654	327	454
2655	353	454
2656	329	454
2657	354	454
2658	347	454
2659	329	454
2660	338	454
2661	328	454
2662	350	454
2663	354	454
2664	328	454
2665	348	454
2666	347	454
2667	328	454
2668	329	454
2669	328	454
2670	329	454
2671	347	454
2672	354	454
2673	328	454
2674	348	454
2675	328	454
2676	349	454
2677	348	454
2678	349	454
2679	331	454
2680	330	454
2681	331	454
2682	328	454
2683	348	454
2684	328	454
2685	348	454
2686	331	454
2687	329	454
2688	349	454
2689	349	454
2690	353	454
2691	327	454
2692	349	454
2693	328	454
2694	328	454
2695	354	454
2696	346	454
2697	328	454
2698	346	454
2699	329	454
2700	331	454
2701	354	454
2702	348	454
2703	354	454
2704	354	454
2705	348	454
2706	353	454
2707	329	454
2708	348	454
2709	353	454
2710	328	454
2711	341	454
2712	327	454
2713	348	454
2714	348	454
2715	328	454
2716	348	454
2717	328	454
2718	347	454
2719	353	454
2720	351	454
2721	347	454
2722	327	454
2723	347	454
2724	348	454
2725	348	454
2726	348	454
2727	329	454
2728	345	454
2729	354	454
2730	354	454
2731	348	454
2732	329	454
2733	330	454
2734	345	454
2735	328	454
2736	353	454
2737	330	454
2738	329	454
2739	329	454
2740	348	454
2741	352	454
2742	349	454
2743	354	454
2744	349	454
2745	328	454
2746	350	454
2747	353	454
2748	348	454
2749	347	454
2750	328	454
2751	355	454
2752	348	454
2753	328	454
2754	348	454
2755	331	454
2756	353	454
2757	329	454
2758	354	454
2759	354	454
2760	328	454
2761	330	454
2762	354	454
2763	348	454
2764	348	454
2765	326	454
2766	348	454
2767	346	454
2768	354	454
2769	347	454
2770	329	454
2771	349	454
2772	353	454
2773	348	454
2774	328	454
2775	348	454
2776	328	454
2777	348	454
2778	328	454
2779	329	454
2780	352	454
2781	348	454
2782	348	454
2783	353	454
2784	348	454
2785	345	454
2786	332	454
2787	342	454
2788	348	454
2789	330	454
2790	346	454
2791	348	454
2792	348	454
2793	353	454
2794	347	454
2795	349	454
2796	331	454
2797	348	454
2798	354	454
2799	346	454
2800	328	454
2801	349	454
2802	328	454
2803	353	454
2804	350	454
2805	348	454
2806	348	454
2807	328	454
2808	348	454
2809	347	454
2810	328	454
2811	348	454
2812	353	454
2813	348	454
2814	354	454
2815	349	454
2816	347	454
2817	329	454
2818	328	454
2819	347	454
2820	348	454
2821	330	454
2822	347	454
2823	328	454
2824	351	454
2825	353	454
2826	348	454
2827	347	454
2828	328	454
2829	346	454
2830	348	454
2831	329	454
2832	330	454
2833	329	454
2834	348	454
2835	346	454
2836	345	454
2837	346	454
2838	348	454
2839	348	454
2840	347	454
2841	347	454
2842	329	454
2843	328	454
2844	346	454
2845	331	454
2846	329	454
2847	328	454
2848	327	454
2849	348	454
2850	331	454
2851	349	454
2852	348	454
2853	354	454
2854	329	454
2855	328	454
2856	347	454
2857	348	454
2858	349	454
2859	349	454
2860	355	454
2861	328	454
2862	353	454
2863	342	454
2864	348	454
2865	328	454
2866	347	454
2867	348	454
2868	348	454
2869	347	454
2870	329	454
2871	327	454
2872	348	454
2873	353	454
2874	349	454
2875	353	454
2876	346	454
2877	347	454
2878	328	454
2879	327	454
2880	348	454
2881	329	454
2882	328	454
2883	329	454
2884	354	454
2885	349	454
2886	348	454
2887	349	454
2888	348	454
2889	344	454
2890	348	454
2891	352	454
2892	329	454
2893	350	454
2894	348	454
2895	330	454
2896	331	454
2897	330	454
2898	328	454
2899	328	454
2900	348	454
2901	348	454
2902	350	454
2903	347	454
2904	349	454
2905	348	454
2906	328	454
2907	327	454
2908	349	454
2909	348	454
2910	329	454
2911	348	454
2912	354	454
2913	348	454
2914	352	454
2915	353	454
2916	338	454
2917	328	454
2918	329	454
2919	354	454
2920	328	454
2921	353	454
2922	349	454
2923	348	454
2924	328	454
2925	355	454
2926	353	454
2927	331	454
2928	328	454
2929	348	454
2930	348	454
2931	347	454
2932	348	454
2933	327	454
2934	352	454
2935	329	454
2936	350	454
2937	330	454
2938	349	454
2939	347	454
2940	331	454
2941	347	454
2942	329	454
2943	329	454
2944	333	454
2945	348	454
2946	348	454
2947	326	454
2948	347	454
2949	348	454
2950	347	454
2951	328	454
2952	327	454
2953	348	454
2954	348	454
2955	349	454
2956	328	454
2957	355	454
2958	354	454
2959	330	454
2960	353	454
2961	340	454
2962	343	454
2963	335	454
2964	347	454
2965	331	454
2966	329	454
2967	330	454
2968	332	454
2969	329	454
2970	328	454
2971	354	454
2972	327	454
2973	328	454
2974	347	454
2975	328	454
2976	331	454
2977	345	454
2978	347	454
2979	332	454
2980	348	454
2981	348	454
2982	358	454
2983	352	454
2984	330	454
2985	329	454
2986	328	454
2987	348	454
2988	327	454
2989	348	454
2990	328	454
2991	331	454
2992	355	454
2993	328	454
2994	348	454
2995	348	454
2996	328	454
2997	353	454
2998	328	454
2999	348	454
3000	353	454
3001	351	454
3002	348	454
3003	349	454
3004	348	454
3005	327	454
3006	330	454
3007	329	454
3008	330	454
3009	328	454
3010	331	454
3011	331	454
3012	346	454
3013	346	454
3014	350	454
3015	329	454
3016	347	454
3017	329	454
3018	349	454
3019	346	454
3020	331	454
3021	328	454
3022	348	454
3023	327	454
3024	348	454
3025	328	454
3026	327	454
3027	347	454
3028	331	454
3029	332	454
3030	335	454
3031	348	454
3032	348	454
3033	346	454
3034	331	454
3035	330	454
3036	346	454
3037	353	454
3038	347	454
3039	347	454
3040	328	454
3041	328	454
3042	348	454
3043	348	454
3044	348	454
3045	329	454
3046	328	454
3047	346	454
3048	326	454
3049	348	454
3050	347	454
3051	347	454
3052	328	454
3053	347	454
3054	348	454
3055	350	454
3056	349	454
3057	347	454
3058	328	454
3059	327	454
3060	347	454
3061	354	454
3062	350	454
3063	348	454
3064	329	454
3065	353	454
3066	347	454
3067	329	454
3068	349	454
3069	349	454
3070	348	454
3071	328	454
3072	328	454
3073	353	454
3074	346	454
3075	329	454
3076	327	454
3077	327	454
3078	347	454
3079	349	454
3080	348	454
3081	1342	1370
3082	354	454
3083	328	454
3084	353	454
3085	347	454
3086	348	454
3087	346	454
3088	349	454
3089	354	454
3090	347	454
3091	329	454
3092	350	454
3093	331	454
3094	353	454
3095	347	454
3096	348	454
3097	350	454
3098	354	454
3099	348	454
3100	348	454
3101	328	454
3102	347	454
3103	354	454
3104	354	454
3105	346	454
3106	353	454
3107	348	454
3108	328	454
3109	353	454
3110	348	454
3111	325	454
3112	348	454
3113	331	454
3114	347	454
3115	328	454
3116	331	454
3117	348	454
3118	348	454
3119	353	454
3120	329	454
3121	349	454
3122	347	454
3123	328	454
3124	353	454
3125	352	454
3126	352	455
3127	331	454
3128	346	454
3129	328	454
3130	350	454
3131	328	454
3132	349	454
3133	348	454
3134	353	454
3135	348	454
3136	348	454
3137	348	454
3138	348	454
3139	353	454
3140	329	454
3141	351	454
3142	328	454
3143	351	454
3144	353	454
3145	346	454
3146	348	454
3147	328	454
3148	348	454
3149	332	454
3150	348	454
3151	348	454
3152	339	454
3153	348	454
3154	348	454
3155	329	454
3156	328	454
3157	328	454
3158	349	454
3159	348	454
3160	331	454
3161	328	454
3162	346	454
3163	347	454
3164	328	454
3165	348	454
3166	330	454
3167	348	454
3168	348	454
3169	346	454
3170	348	454
3171	329	454
3172	353	454
3173	347	454
3174	328	454
3175	330	454
3176	346	454
3177	328	454
3178	329	454
3179	331	454
3180	352	454
3181	348	454
3182	329	454
3183	354	454
3184	354	454
3185	327	454
3186	333	454
3187	348	454
3188	329	454
3189	353	454
3190	327	454
3191	328	454
3192	329	454
3193	347	454
3194	327	454
3195	348	454
3196	343	454
3197	330	454
3198	348	454
3199	348	454
3200	330	454
3201	348	454
3202	353	454
3203	348	454
3204	328	454
3205	327	454
3206	346	454
3207	330	454
3208	348	454
3209	353	454
3210	349	454
3211	331	454
3212	348	454
3213	332	454
3214	353	454
3215	329	454
3216	330	454
3217	347	454
3218	348	454
3219	354	454
3220	326	454
3221	348	454
3222	331	454
3223	331	454
3224	354	454
3225	348	454
3226	345	454
3227	347	454
3228	329	454
3229	331	454
3230	354	454
3231	347	454
3232	331	454
3233	328	454
3234	348	454
3235	350	454
3236	331	454
3237	348	454
3238	353	454
3239	330	454
3240	353	454
3241	348	454
3242	326	454
3243	348	454
3244	353	454
3245	348	454
3246	349	454
3247	348	454
3248	343	454
3249	348	454
